Телефоны для продать квартиры
+7 707 649 6042
+7 707 649 6042
+7 776 714 4995
+7 776 162 3900
+7 708 589 3728
+7 707 832 7157
+7 776 162 3900
+7 776 162 3900
+7 771 024 4032
+7 776 162 3900
+7 707 144 0898 +7 775 752 2425
+7 708 490 5700
+7 771 574 6561
+7 777 820 1187
+7 701 874 7554 +7 747 949 0334
+7 705 207 0479
+7 707 332 2787
+7 707 849 0099 +7 702 995 5067
+7 775 517 7985
+7 747 461 2448 +7 775 823 6810
+7 747 310 9454
+7 708 487 6787
+7 707 479 4117
+7 777 672 5355
+7 701 311 6845 +7 708 551 9505
+7 701 501 3331
+7 747 760 3757 +7 777 988 1003
+7 776 281 3486
+7 775 094 8530 +7 777 646 5878
+7 700 101 1111
+7 775 020 4489
+7 777 926 0290
+7 776 166 8818 +7 702 708 1884
+7 701 309 9555
+7 747 287 4456
+7 778 017 1126
+7 707 728 7286
+7 778 021 1847
+7 775 882 2400 +7 775 322 2210
+7 705 528 8102
+7 775 020 4479
+7 705 238 7208
+7 775 020 4407
+7 778 021 1874
+7 778 017 1122
+7 778 021 1845
+7 778 021 1817
+7 778 021 1835
+7 702 283 2831
+7 778 017 1173
+7 702 000 7220
+7 778 017 1199
+7 778 021 1840
+7 775 020 4470
+7 707 588 8786
+7 778 017 1195
+7 778 017 1162
+7 778 021 1821
+7 778 017 1128
+7 778 017 1183
+7 775 020 4490
+7 778 017 1105
+7 707 763 4404 +7 701 439 4777 +7 701 763 4404 +7 705 376 0770
+7 778 021 1838
+7 778 021 1842
+7 778 017 1169
+7 778 017 1125
+7 775 020 4456
+7 778 021 1811
+7 775 020 4457
+7 775 020 4454
+7 775 020 4453
+7 778 021 1828
+7 778 017 1180
+7 775 020 4442
+7 775 020 4461
+7 775 020 4460
+7 775 020 4459
+7 775 020 4455
+7 775 020 4441
+7 778 021 1855
+7 778 021 1887
+7 705 500 8946 +7 777 295 9169
+7 778 017 3020
+7 778 017 3053
+7 775 020 4722
+7 775 020 4684
+7 775 020 4776
+7 778 096 4936
+7 775 030 9975
+7 775 020 4699
+7 775 020 4923
+7 778 752 9870
+7 775 020 4993
+7 778 752 9871
+7 775 020 4720
+7 775 020 4942
+7 778 752 9867
+7 778 752 9880
+7 775 020 4754
+7 778 752 9842
+7 775 037 1086
+7 775 020 4723

телефон для аренда квартиры

+7 776 293 5603

+7 775 282 3003








+7 707 446 0143


+7 777 475 9596



+7 778 548 1138
+7 708 811 0857 +7 702 914 9389
+7 708 971 5373











+7 708 971 5373


+7 775 807 4451 +7 701 389 5495
+7 747 994 4208




+7 775 472 2069 +7 777 527 1597
+7 775 807 4451 +7 701 389 5495
+7 747 994 4208

+7 701 579 4227
+7 707 555 9982


+7 701 945 2212

+7 701 477 4857


+7 707 518 7577




+7 702 263 2006
+7 702 659 8403 +7 777 393 7589




+7 702 577 7773 +7 707 464 3344
+7 707 502 2466
+7 701 713 3359

+7 701 800 1530
+7 708 162 4726 +7 708 836 9297


+7 700 107 0739
+7 701 284 4040 +7 777 023 0014

+7 777 956 1177 +7 776 991 6603
+7 707 764 8910








+7 775 888 5857
+7 700 223 4222









+7 747 537 7395

+7 701 284 4040 +7 777 023 0014

телефон для продать дома

+7 701 513 9145


+7 776 767 0200 +7 702 786 5007




+7 701 100 1234
+7 701 322 0144
+7 775 493 3746


+7 708 656 9304
+7 700 555 3303

+7 708 660 0603
+7 707 666 0798
+7 775 659 9090 +7 771 671 1514
+7 708 258 5710
+7 700 230 4210
+7 701 722 9638 +7 702 000 9638
+7 705 433 0532
+7 701 383 7279
+7 701 477 1696 +7 705 605 2115 +7 776 870 7722
+7 701 709 8882
+7 701 323 0380

+7 771 093 3013
+7 776 007 2727 +7 705 662 3543
+7 777 107 0505 +7 701 245 2988
+7 705 888 1616 +7 701 938 6565
+7 707 009 0308
+7 702 842 7747 +7 771 200 8041
+7 708 275 6910

+7 701 191 1404 +7 701 501 7910
+7 702 795 4558
+7 775 750 0471
+7 777 158 8399
+7 701 155 6472 +7 708 277 1746
+7 700 961 3075
+7 747 679 9592 +7 778 332 0111
+7 705 280 5161

+7 701 999 7577

+7 778 362 0470
+7 702 349 0680

+7 700 111 2419 +7 702 111 2428
+7 700 311 0802 +7 702 618 7202
+7 747 781 3158
+7 701 414 8294
+7 707 770 4704 +7 777 293 1791
+7 777 233 0020 +7 701 712 0762
+7 700 510 9292 +7 708 749 2777
+7 707 199 0858 +7 707 196 6858
+7 775 979 3420
+7 777 125 8637
+7 708 110 9010 +7 708 303 3391

+7 702 416 7702

+7 778 021 1819

+7 701 744 7373




+7 777 822 1303
+7 775 623 6033


+7 705 220 5095





+7 702 381 7985

+7 747 191 3153
+7 701 744 7373



+7 775 150 8564 +7 708 909 7752

+7 775 623 6033
+7 707 516 2825 +7 705 718 7870

+7 775 244 9777

+7 707 636 5090 +7 776 716 8116
+7 705 173 8534
+7 701 524 6638
+7 702 381 7985

+7 701 714 6999 +7 775 575 9840
+7 701 211 5905 +7 700 211 2791

телефон для сдать в аренду дома
+7 747 208 7409

+7 775 177 5376
+7 702 888 3552 +7 702 577 0001
+7 702 888 3552

+7 702 888 3552 +7 702 577 0001


+7 707 115 1188
+7 778 664 6489 +7 778 217 7647 +7 777 842 3151
+7 778 871 0004 +7 702 246 3218

+7 701 257 4337
+7 747 008 0750 +7 747 985 5429 +7 775 539 0551
+7 701 732 3955 +7 747 560 3109
+7 701 769 0907


+7 705 659 0890
+7 705 659 0890
+7 778 467 3828
+7 705 270 1177
+7 747 263 9688

+7 747 077 2349
+7 700 095 3333
+7 702 300 4564

+7 702 505 8744



+7 776 741 7799

+7 775 191 5590 +7 776 776 7731


+7 776 157 9164

+7 700 568 9101


+7 701 246 6264 +7 747 777 8170

+7 700 984 9876 +7 776 100 7713
+7 707 223 0008
+7 747 179 6435 +7 701 346 4293




+7 747 563 9067



+7 747 652 5640
+7 707 838 7949
+7 701 522 4284


+7 778 637 6303
+7 778 637 6303


+7 700 414 7666 +7 777 666 4474
+7 702 896 7967

+7 775 139 3397
+7 707 539 1665

+7 707 022 2381 +7 775 569 4699
+7 701 208 9880
+7 701 554 4127
+7 775 727 5840
+7 775 771 5325

+7 701 990 8635 +7 707 545 4626
+7 707 555 4103 +7 700 707 5055
+7 775 526 1978
+7 701 554 4127


+7 701 744 5145 +7 702 282 7787 +7 707 176 1960
+7 701 555 2502

+7 747 571 7280 +7 747 149 3944 +7 777 977 7544

+7 705 420 5073
+7 702 551 1111 +7 778 516 1008

+7 775 903 4802
+7 705 235 9824
+7 777 233 1903
+7 701 735 2477
+7 701 194 8488
+7 701 379 4744
+7 707 448 5657
+7 777 993 3722 +7 705 705 2026
+7 775 555 5302
+7 775 454 4485
+7 701 844 8140

телефон для продать дачу
+7 775 020 4660


+7 777 292 4400
+7 708 629 9167
+7 708 257 5410
+7 702 715 3043
+7 705 805 1119
+7 747 497 5121 +7 747 864 6428
+7 776 744 7844
+7 700 115 5919
+7 777 288 0884
+7 707 547 8603

+7 705 542 9926
+7 701 319 9751

+7 705 495 1573
+7 702 104 4435
+7 778 511 6161
+7 747 818 9296

+7 702 790 2651
+7 707 908 7217


+7 702 376 8070
+7 771 765 3573
+7 771 959 7900
+7 705 703 4797

+7 700 646 4856

+7 771 139 5935
+7 775 790 7118
+7 701 111 3577
+7 707 511 5752
+7 701 717 4420
+7 777 232 2535
+7 701 724 3520 +7 701 724 3585

+7 707 311 1329 +7 747 188 8826
+7 707 311 1329 +7 747 188 8826
+7 778 950 9276 +7 701 610 0669




+7 701 388 9744
+7 708 909 3405
+7 701 711 2133
+7 701 588 2261
+7 701 416 0031

+7 702 502 1980
+7 701 711 2133 +7 707 711 2133
+7 702 656 7809
+7 747 476 0659

+7 777 230 2457
+7 775 837 5878 +7 771 073 8989



+7 747 465 4131
+7 775 820 2072 +7 778 224 0415
+7 701 124 2142
+7 708 958 3888
+7 701 012 3254 +7 705 466 6704
+7 700 315 6508 +7 777 295 0895
+7 747 147 1911
+7 700 717 0738
+7 777 217 0501
+7 777 184 7037 +7 775 600 4837
+7 777 346 0512
+7 708 727 6792 +7 747 837 7952
+7 747 601 3009
+7 777 583 0503 +7 777 907 5057
+7 707 708 7348
+7 777 987 9456
+7 777 765 6934
+7 777 577 5565

+7 777 366 1311

+7 701 362 0977
+7 707 170 1474
+7 702 510 4164
+7 705 619 4512
+7 702 591 8677
+7 701 530 6554
+7 777 032 3231
+7 777 090 9071
+7 707 480 0505
+7 705 270 9799
+7 705 335 0133
+7 747 494 3268
+7 707 729 0466
+7 705 660 5024 +7 701 755 5485
+7 777 262 0174
+7 708 225 1230 +7 708 267 7076
+7 707 726 6777

телефон для сдать в аренду дачу

+7 776 757 6888
+7 701 414 2555
+7 708 103 3981
+7 778 479 6700
+7 701 344 1116 +7 707 481 6867
+7 707 708 7348

+7 701 414 2555

+7 705 634 3592 +7 771 713 0853

+7 777 720 2010 +7 705 150 3172
+7 702 114 6901 +7 705 871 8951 +7 771 670 4803






+7 778 665 8797

+7 776 720 9009





+7 776 757 6888
+7 707 830 8888


+7 705 370 8512
+7 777 038 5555 +7 701 888 6571




+7 777 880 1000





+7 701 785 4424 +7 777 685 0213
+7 701 373 3190







+7 707 971 0080

+7 701 505 9102 +7 775 430 7756


+7 705 502 8325 +7 777 018 7116



+7 775 861 8888
+7 778 777 9199

+7 705 666 8228





+7 771 100 1212
+7 775 635 1769
+7 708 895 7315 +7 708 103 3981 +7 777 133 7518
+7 771 507 0820


+7 778 431 2428











+7 705 884 6199 +7 747 784 6199



+7 777 115 6237


+7 778 894 9105

+7 777 046 0145
+7 705 666 8898


телефон для продать здания




+7 708 774 4403
+7 701 292 3373








+7 701 516 3154 +7 771 428 8154





+7 705 244 5246



+7 701 700 0248 +7 701 330 4245




+7 747 977 4346


+7 778 519 5901
+7 777 979 9797

+7 777 339 3618
+7 705 433 8182





+7 777 343 1690 +7 700 343 1690















+7 778 402 2221

+7 702 777 7396
+7 778 402 2221


+7 705 331 7889







+7 747 740 8277




+7 700 727 9704 +7 701 727 9704







+7 701 727 7373

+7 702 503 3136






+7 778 333 4125


+7 776 690 8187
+7 747 772 2426


телефон для сдать в аренду здания

+7 700 270 9641 +7 705 201 2017





+7 747 740 8277




+7 771 081 0101 +7 705 825 6565




+7 701 340 2816
+7 701 147 5050






+7 777 584 6911

+7 777 357 3829
+7 701 667 6184





+7 771 705 5010 +7 707 137 1553
+7 700 270 9641 +7 705 201 2017




+7 707 788 8898
+7 707 788 8898


+7 708 543 4504
+7 701 147 5050































































+7 705 528 1581

+7 775 020 4761



+7 778 357 3375


+7 775 507 7749






+7 771 279 7035


+7 701 765 8167







+7 705 602 9928
+7 775 000 7485
+7 747 815 2995



+7 705 623 7978





+7 702 443 3799
+7 702 900 1011

+7 775 201 4812

+7 777 621 7048



+7 777 140 5073 +7 775 413 1053

+7 702 900 1011


+7 777 852 7635





+7 701 716 0705





+7 701 204 6817



















+7 705 509 2342




+7 707 985 2343



+7 775 264 8711






+7 777 507 7222
+7 701 725 7946

телефон для сдать в аренду магазины
+7 707 278 7878






+7 707 604 5246

+7 701 035 1400 +7 707 853 5243






+7 701 777 4577 +7 701 229 7969







+7 701 555 5360
+7 777 021 7668
+7 707 767 7779 +7 701 125 2999


+7 778 365 5497
+7 777 835 9204
+7 777 536 6043
+7 777 261 7376
+7 777 759 2811
+7 747 624 7991
+7 701 487 6717





+7 707 278 7878













+7 700 762 6582



+7 705 501 2701



+7 776 669 5655
+7 701 523 2856









+7 707 832 4283







+7 771 214 3291 +7 708 904 3446






+7 707 742 7521
+7 707 846 3020



+7 701 391 4364


+7 701 400 0964




телефон для продать участки








+7 701 833 3382














+7 707 589 9889

+7 707 702 5858





+7 702 569 7982

+7 701 351 9858



+7 707 702 5858



+7 778 075 8075































+7 707 161 0013




+7 777 700 7292

+7 705 207 0479

+7 701 678 9077 +7 702 158 1265
+7 701 154 3015
+7 778 711 4500
+7 700 500 3717

+7 705 777 3359
+7 700 077 7775
+7 701 777 2839



+7 777 701 5775 +7 705 266 1216
+7 777 907 5057

+7 700 760 6698
+7 775 383 9707




+7 777 018 4276

телефон для аренды комнаты

+7 705 423 7863 +7 775 614 9336
+7 747 306 2455 +7 700 672 1389 +7 705 116 9120
+7 701 557 0496
+7 700 973 9888
+7 705 766 1393

+7 778 924 2921


+7 747 151 1201 +7 776 828 9570
+7 777 239 8496
+7 778 007 2400

+7 701 227 6041
+7 776 268 0186
+7 707 192 7396
+7 747 734 4904

+7 778 924 2921
+7 778 788 5476

+7 701 080 0002
+7 701 080 0002

+7 700 606 0120
+7 778 394 7400


+7 707 447 4005
+7 707 447 4005

+7 705 772 8043
+7 705 772 8048

+7 747 169 6977

+7 747 675 5151
+7 747 666 9620
+7 707 888 4601
+7 747 031 9725

+7 707 393 9519
+7 747 031 9725
+7 705 423 7863 +7 775 614 9336
+7 707 393 9519

+7 775 269 2049
+7 700 606 0120
+7 701 287 5000



+7 778 667 0143

+7 700 973 9888
+7 700 973 9888
+7 707 766 8876

+7 776 001 0101
+7 776 001 0101
+7 707 600 8984
+7 701 242 4809

+7 747 570 7073
+7 700 740 0102
+7 707 836 4686
+7 705 174 6378 +7 778 369 5018


+7 707 275 6265 +7 702 817 2244
+7 775 696 6723
+7 700 973 9888

+7 702 922 7528 +7 708 972 6022

+7 708 832 5489
+7 705 213 0294
+7 701 568 7251

+7 707 373 7040
+7 708 549 2326


+7 771 698 1484
+7 775 917 9709 +7 708 584 1310

+7 777 794 4433 +7 778 670 8028

+7 771 327 4130

+7 707 891 4555

+7 707 882 7389

+7 707 210 6260 +7 777 014 3254

+7 776 103 5489



+7 707 109 6623
+7 747 372 8874

телефон для продать офисы
+7 775 030 9980
+7 701 520 8510 +7 702 133 2487



+7 705 572 1001 +7 701 740 9707

+7 701 771 7731
+7 700 508 7292
+7 777 772 4084

+7 777 191 1475
+7 702 552 7723


+7 747 505 5511
+7 705 905 5353 +7 707 905 5357
+7 705 228 3747
+7 707 777 5021

+7 701 305 7474
+7 702 886 6661

+7 702 886 6661
+7 707 277 5818
+7 705 623 7978

+7 778 700 4030
+7 778 700 4030
+7 707 818 4444



+7 701 738 7171
+7 701 738 7171
+7 701 721 9996 +7 701 900 1478

+7 701 738 7171
+7 702 590 4205


+7 701 909 9922 +7 701 979 9995
+7 776 414 9993
+7 707 371 3996
+7 701 672 8810

+7 707 161 1288
+7 777 555 4435


+7 701 511 8872
+7 778 370 7059


+7 707 770 7150 +7 701 783 3418
+7 701 725 8769
+7 777 564 2122 +7 777 224 6355

+7 702 000 0400



+7 705 743 1433 +7 708 718 4383
+7 701 702 3234
+7 707 228 4428 +7 777 228 4428
+7 777 010 1867
+7 701 361 9787 +7 777 432 9797





+7 701 526 8161


+7 707 440 0519
+7 705 759 3543


+7 707 500 0456


+7 707 557 7770
+7 701 305 7474
+7 777 580 5915
+7 771 507 4990
+7 771 507 4990
+7 771 507 4990
+7 771 507 4990
+7 771 507 4990

+7 708 318 3848 +7 708 288 5734
+7 777 552 1999 +7 777 341 3418



+7 702 771 2772
+7 707 585 9620 +7 771 444 7751
+7 707 362 7861

+7 777 389 2920


телефон для сдать в аренду








+7 702 163 0165











+7 707 332 2868







+7 705 500 8830 +7 701 537 1166





+7 705 500 8830 +7 701 537 1166
+7 700 764 9557
+7 771 224 3811









+7 702 753 0063





+7 707 157 0007












+7 705 324 0461







+7 701 566 8785





+7 705 572 1001
+7 708 149 7828










+7 707 158 7991 +7 705 741 8178
+7 707 158 7991 +7 705 741 8178


+7 708 359 9902







телефон для продать помещении
+7 775 162 7622
+7 776 777 6661 +7 700 207 0707
+7 775 037 1056







+7 775 030 9945
+7 775 020 4665

+7 778 096 4969
+7 775 020 4703











+7 778 752 9856








+7 775 020 4646





+7 777 818 8822
+7 700 201 9000

+7 700 201 9000

+7 700 266 5367 +7 702 700 0084
















+7 778 529 5081


+7 747 772 2426



+7 707 212 0249 +7 701 713 7418









+7 778 222 2972





+7 701 036 0030
+7 778 687 8883 +7 778 687 8833


+7 775 572 4438


+7 701 705 7815

+7 701 529 4919






телефон для сдать в аренду помещении

+7 707 414 7717





+7 778 910 0424




+7 701 516 1777 +7 701 701 3710


+7 701 111 4131












+7 707 332 2868









+7 701 888 3900








+7 775 612 0808


+7 702 047 2597






+7 771 300 6103 +7 701 993 3000














+7 705 433 6744 +7 777 232 2844










+7 775 860 9053

+7 777 263 2102
+7 701 439 1398 +7 775 326 1938









+7 777 166 4647
+7 747 110 4201



+7 705 390 1100


телефон для продать промбазы,склады





+7 747 234 0506


+7 701 533 8024


+7 778 111 0132
+7 701 147 5050









+7 777 207 4488






+7 775 859 0598










+7 707 717 6058



















+7 777 222 8511



+7 775 143 3334
+7 701 000 0326





+7 701 525 8805






+7 707 906 6670


+7 778 930 0005 +7 701 891 3333



+7 747 688 3558
+7 708 800 3393 +7 708 286 8111
+7 701 714 0449
+7 778 100 2696
+7 778 380 1398

+7 707 161 0013 +7 705 719 0533

+7 747 769 7254




+7 775 507 7749



телефон для сдать в аренду промбазы,склады











+7 775 757 7722

+7 777 081 4810

+7 701 811 3223




+7 701 716 1166

















+7 707 160 0086





+7 777 000 0190 +7 701 028 8805






+7 701 355 8141






+7 701 346 6410
+7 701 920 7711

+7 701 744 1366




+7 747 712 0146 +7 777 526 7071



+7 747 712 0146 +7 777 526 7071











+7 771 667 9681
+7 771 667 9681


+7 775 149 6274













+7 701 081 3141 +7 747 531 0813



телефон для продать прощие

+7 775 490 2487





+7 771 450 7869 +7 701 533 1108
+7 702 666 6039





+7 777 174 7852




+7 702 444 8998 +7 705 169 9910 +7 701 838 6398
+7 707 105 3990



+7 771 540 8179


+7 778 888 8041
+7 777 853 2843

+7 701 752 1747













+7 777 951 3164 +7 707 517 5156


+7 771 331 3828
+7 701 195 1010
+7 701 324 3585 +7 700 978 6106
+7 701 799 5999

+7 701 111 1321

+7 702 422 9294
+7 708 555 5999
+7 771 766 3466 +7 701 366 0510
+7 702 710 9170 +7 777 055 2863
+7 702 710 9170 +7 777 055 2863
+7 747 105 8400 +7 707 609 6653

+7 775 900 5577
+7 702 939 5598

+7 775 728 8356


+7 701 533 5690 +7 701 533 5458
+7 705 477 7771


+7 707 909 3797
+7 701 871 6160
+7 776 405 9900


+7 701 788 0503
+7 705 705 4995


+7 701 225 7780 +7 777 702 7022

+7 702 180 8822

+7 778 296 1979
+7 702 532 0741
+7 707 600 9515
+7 701 719 8888
+7 700 787 6226
+7 701 733 2652 +7 701 220 1103
+7 775 358 9332





+7 702 447 7386
+7 776 980 0788
+7 777 250 2776 +7 777 898 5151
+7 775 137 4683 +7 747 748 4898

+7 777 233 2669


телефон для сдать в аренду прощие



+7 707 801 5588
+7 708 708 4080
+7 705 610 8458 +7 700 972 8687


+7 702 948 7337

+7 707 332 2868
+7 778 111 1482
+7 705 500 8830 +7 701 537 1166

+7 701 599 7252

+7 777 829 2770
+7 701 588 3612

+7 702 877 6121 +7 777 313 1141
+7 778 430 1401
+7 777 468 1988 +7 705 158 7898
+7 707 905 2605



+7 702 201 0880


+7 707 408 4840
+7 701 852 5275 +7 777 013 5093

+7 701 736 5864

+7 702 699 9612
+7 747 201 9777
+7 705 559 3024
+7 705 741 8178 +7 707 158 7991 +7 775 225 1266
+7 777 576 9010
+7 701 777 5717 +7 777 711 5717



+7 702 888 3940
+7 701 070 9055



+7 747 589 6744
+7 705 498 5508
+7 747 257 0434
+7 701 320 0761



+7 702 499 9966



+7 701 400 5422

+7 775 717 1681 +7 775 524 8117

+7 777 018 4276
+7 777 018 4276

+7 701 940 0783
+7 776 914 3966
+7 777 358 3379

+7 701 945 0675
+7 708 367 0701

+7 707 801 5588



+7 707 278 7878
+7 707 278 7878




+7 701 388 8199 +7 701 525 5352


+7 777 254 7799


+7 747 712 0146 +7 777 526 7071


+7 747 208 7409
+7 747 288 0711 +7 747 288 0710
+7 747 712 0146 +7 777 526 7071



+7 701 272 4531

+7 700 350 0008
+7 702 000 1177
+7 775 976 8211 +7 701 569 0850 +7 705 205 7254

